# Interparticle distances/σ
0.000000000000000000e+00,1.818812483337907349e+00,1.115193919309763526e+00,1.818812483343517528e+00,1.115193919280561552e+00,1.124087933876388945e+00,1.124087933883187729e+00
1.818812483337907349e+00,0.000000000000000000e+00,1.115193919302516434e+00,1.124087933861598110e+00,1.115193919308117065e+00,1.818812483350030540e+00,1.124087933852424559e+00
1.115193919309763526e+00,1.115193919302516434e+00,0.000000000000000000e+00,1.115193919279366064e+00,1.147740338423369533e+00,1.115193919294613645e+00,1.115193919310742077e+00
1.818812483343517528e+00,1.124087933861598110e+00,1.115193919279366064e+00,0.000000000000000000e+00,1.115193919295639269e+00,1.124087933878755274e+00,1.818812483336979202e+00
1.115193919280561552e+00,1.115193919308117065e+00,1.147740338423369533e+00,1.115193919295639269e+00,0.000000000000000000e+00,1.115193919285582869e+00,1.115193919320034865e+00
1.124087933876388945e+00,1.818812483350030540e+00,1.115193919294613645e+00,1.124087933878755274e+00,1.115193919285582869e+00,0.000000000000000000e+00,1.818812483361896160e+00
1.124087933883187729e+00,1.124087933852424559e+00,1.115193919310742077e+00,1.818812483336979202e+00,1.115193919320034865e+00,1.818812483361896160e+00,0.000000000000000000e+00
